Q-wave(ms)	S-wave(ms)	QS-width(ms)	Abnormal or Normal
0	1444	1444	Large Width (QS > 120ms)
-44	1655	1699	Large Width (QS > 120ms)
1766	0	
2133	2216	83	Normal Width
2508	2925	417	Large Width (QS > 120ms)
2905	3297	392	Large Width (QS > 120ms)
3277	3672	395	Large Width (QS > 120ms)
3652	4038	386	Large Width (QS > 120ms)
-44	4766	4810	Large Width (QS > 120ms)
5866	5958	92	Normal Width
6263	6708	445	Large Width (QS > 120ms)
6691	7091	400	Large Width (QS > 120ms)
7072	7472	400	Large Width (QS > 120ms)
7452	7841	389	Large Width (QS > 120ms)
7822	8452	630	Large Width (QS > 120ms)
11302	11980	678	Large Width (QS > 120ms)
11963	12419	456	Large Width (QS > 120ms)
12400	12783	383	Large Width (QS > 120ms)
12763	13386	623	Large Width (QS > 120ms)
13369	14000	631	Large Width (QS > 120ms)
13980	14600	620	Large Width (QS > 120ms)
14580	15200	620	Large Width (QS > 120ms)
15180	15808	628	Large Width (QS > 120ms)
15788	0	
16377	17033	656	Large Width (QS > 120ms)
17013	17666	653	Large Width (QS > 120ms)
17647	18330	683	Large Width (QS > 120ms)
18313	19000	687	Large Width (QS > 120ms)
18983	19655	672	Large Width (QS > 120ms)
19638	20313	675	Large Width (QS > 120ms)
20297	20950	653	Large Width (QS > 120ms)
20930	21511	581	Large Width (QS > 120ms)
21491	22183	692	Large Width (QS > 120ms)
22730	23425	695	Large Width (QS > 120ms)
23405	24086	681	Large Width (QS > 120ms)
24069	24750	681	Large Width (QS > 120ms)
24733	25419	686	Large Width (QS > 120ms)
25400	26036	636	Large Width (QS > 120ms)
26019	26663	644	Large Width (QS > 120ms)
26644	27283	639	Large Width (QS > 120ms)
27263	27919	656	Large Width (QS > 120ms)
27900	28541	641	Large Width (QS > 120ms)
28522	29166	644	Large Width (QS > 120ms)
29150	29825	675	Large Width (QS > 120ms)
29805	30455	650	Large Width (QS > 120ms)
30436	31147	711	Large Width (QS > 120ms)
31130	31794	664	Large Width (QS > 120ms)
31775	32447	672	Large Width (QS > 120ms)
32430	33102	672	Large Width (QS > 120ms)
33086	33758	672	Large Width (QS > 120ms)
33738	34380	642	Large Width (QS > 120ms)
34363	34994	631	Large Width (QS > 120ms)
34977	35647	670	Large Width (QS > 120ms)
35627	36336	709	Large Width (QS > 120ms)
36316	37027	711	Large Width (QS > 120ms)
37011	37691	680	Large Width (QS > 120ms)
37672	38341	669	Large Width (QS > 120ms)
38322	38980	658	Large Width (QS > 120ms)
38961	39616	655	Large Width (QS > 120ms)
39597	40247	650	Large Width (QS > 120ms)
40227	40863	636	Large Width (QS > 120ms)
40844	41522	678	Large Width (QS > 120ms)
41505	42208	703	Large Width (QS > 120ms)
42191	42875	684	Large Width (QS > 120ms)
42858	43519	661	Large Width (QS > 120ms)
43500	44158	658	Large Width (QS > 120ms)
44138	44819	681	Large Width (QS > 120ms)
44800	45344	544	Large Width (QS > 120ms)
45325	46097	772	Large Width (QS > 120ms)
46077	46708	631	Large Width (QS > 120ms)
46688	47372	684	Large Width (QS > 120ms)
47352	48041	689	Large Width (QS > 120ms)
48025	48702	677	Large Width (QS > 120ms)
48686	49377	691	Large Width (QS > 120ms)
49358	50016	658	Large Width (QS > 120ms)
49997	50652	655	Large Width (QS > 120ms)
50633	51300	667	Large Width (QS > 120ms)
51283	51927	644	Large Width (QS > 120ms)
51911	52536	625	Large Width (QS > 120ms)
52513	53194	681	Large Width (QS > 120ms)
53175	53886	711	Large Width (QS > 120ms)
53869	54569	700	Large Width (QS > 120ms)
54552	55213	661	Large Width (QS > 120ms)
55197	55852	655	Large Width (QS > 120ms)
55833	56505	672	Large Width (QS > 120ms)
56486	57130	644	Large Width (QS > 120ms)
57111	57758	647	Large Width (QS > 120ms)
57741	58397	656	Large Width (QS > 120ms)
58377	59008	631	Large Width (QS > 120ms)
58988	59666	678	Large Width (QS > 120ms)
59647	60322	675	Large Width (QS > 120ms)
60305	60994	689	Large Width (QS > 120ms)
60977	61658	681	Large Width (QS > 120ms)
61638	62305	667	Large Width (QS > 120ms)
62286	62786	500	Large Width (QS > 120ms)
62766	63516	750	Large Width (QS > 120ms)
63497	64166	669	Large Width (QS > 120ms)
64147	64772	625	Large Width (QS > 120ms)
64752	65411	659	Large Width (QS > 120ms)
65391	66075	684	Large Width (QS > 120ms)
66058	66736	678	Large Width (QS > 120ms)
66719	67391	672	Large Width (QS > 120ms)
67375	68030	655	Large Width (QS > 120ms)
68013	68661	648	Large Width (QS > 120ms)
68641	69166	525	Large Width (QS > 120ms)
69147	69900	753	Large Width (QS > 120ms)
69883	70533	650	Large Width (QS > 120ms)
71113	71788	675	Large Width (QS > 120ms)
71769	72452	683	Large Width (QS > 120ms)
72436	73108	672	Large Width (QS > 120ms)
73091	73738	647	Large Width (QS > 120ms)
73719	74383	664	Large Width (QS > 120ms)
74363	75016	653	Large Width (QS > 120ms)
74997	75658	661	Large Width (QS > 120ms)
75641	76286	645	Large Width (QS > 120ms)
76269	76891	622	Large Width (QS > 120ms)
76872	77550	678	Large Width (QS > 120ms)
77533	78236	703	Large Width (QS > 120ms)
78219	78916	697	Large Width (QS > 120ms)
78897	79575	678	Large Width (QS > 120ms)
79558	80208	650	Large Width (QS > 120ms)
80188	80838	650	Large Width (QS > 120ms)
80819	81452	633	Large Width (QS > 120ms)
81433	81983	550	Large Width (QS > 120ms)
81963	82652	689	Large Width (QS > 120ms)
82633	83283	650	Large Width (QS > 120ms)
83266	83933	667	Large Width (QS > 120ms)
83916	84566	650	Large Width (QS > 120ms)
84550	85200	650	Large Width (QS > 120ms)
85180	85827	647	Large Width (QS > 120ms)
85805	86480	675	Large Width (QS > 120ms)
86463	0	
86908	87158	250	Large Width (QS > 120ms)
87297	87383	86	Normal Width
87866	88663	797	Large Width (QS > 120ms)
88644	89330	686	Large Width (QS > 120ms)
89311	89997	686	Large Width (QS > 120ms)
89980	90650	670	Large Width (QS > 120ms)
90630	91308	678	Large Width (QS > 120ms)
91288	91936	648	Large Width (QS > 120ms)
91919	92563	644	Large Width (QS > 120ms)
92544	93180	636	Large Width (QS > 120ms)
93163	93783	620	Large Width (QS > 120ms)
93763	94388	625	Large Width (QS > 120ms)
94369	94927	558	Large Width (QS > 120ms)
94908	95636	728	Large Width (QS > 120ms)
95619	96300	681	Large Width (QS > 120ms)
96283	96950	667	Large Width (QS > 120ms)
96930	97586	656	Large Width (QS > 120ms)
97569	98152	583	Large Width (QS > 120ms)
98133	98855	722	Large Width (QS > 120ms)
98838	99500	662	Large Width (QS > 120ms)
99480	0	
100088	100755	667	Large Width (QS > 120ms)
100736	101255	519	Large Width (QS > 120ms)
101236	102041	805	Large Width (QS > 120ms)
102022	102697	675	Large Width (QS > 120ms)
102680	103369	689	Large Width (QS > 120ms)
103352	104022	670	Large Width (QS > 120ms)
104005	104652	647	Large Width (QS > 120ms)
104636	105275	639	Large Width (QS > 120ms)
105255	105897	642	Large Width (QS > 120ms)
105877	106511	634	Large Width (QS > 120ms)
106488	107125	637	Large Width (QS > 120ms)
107102	107780	678	Large Width (QS > 120ms)
107763	108450	687	Large Width (QS > 120ms)
108430	109116	686	Large Width (QS > 120ms)
109100	109744	644	Large Width (QS > 120ms)
109725	110377	652	Large Width (QS > 120ms)
110358	111002	644	Large Width (QS > 120ms)
110986	111636	650	Large Width (QS > 120ms)
111616	112283	667	Large Width (QS > 120ms)
112263	112905	642	Large Width (QS > 120ms)
112886	113561	675	Large Width (QS > 120ms)
113544	114227	683	Large Width (QS > 120ms)
114211	114891	680	Large Width (QS > 120ms)
114875	115561	686	Large Width (QS > 120ms)
115541	116211	670	Large Width (QS > 120ms)
116194	116861	667	Large Width (QS > 120ms)
116844	117508	664	Large Width (QS > 120ms)
117488	118144	656	Large Width (QS > 120ms)
118122	118738	616	Large Width (QS > 120ms)
118719	119380	661	Large Width (QS > 120ms)
119361	120066	705	Large Width (QS > 120ms)
120047	120741	694	Large Width (QS > 120ms)
120725	121394	669	Large Width (QS > 120ms)
121375	122036	661	Large Width (QS > 120ms)
122016	122677	661	Large Width (QS > 120ms)
122658	123252	594	Large Width (QS > 120ms)
123233	123913	680	Large Width (QS > 120ms)
123894	0	
124494	0	
125119	125819	700	Large Width (QS > 120ms)
125800	126477	677	Large Width (QS > 120ms)
126461	127133	672	Large Width (QS > 120ms)
127116	127766	650	Large Width (QS > 120ms)
127747	128411	664	Large Width (QS > 120ms)
128391	129055	664	Large Width (QS > 120ms)
129036	129680	644	Large Width (QS > 120ms)
129663	130300	637	Large Width (QS > 120ms)
130280	130891	611	Large Width (QS > 120ms)
130875	131541	666	Large Width (QS > 120ms)
131522	132138	616	Large Width (QS > 120ms)
132119	132880	761	Large Width (QS > 120ms)
132863	133550	687	Large Width (QS > 120ms)
133533	134216	683	Large Width (QS > 120ms)
134197	134861	664	Large Width (QS > 120ms)
134841	135275	434	Large Width (QS > 120ms)
135252	135633	381	Large Width (QS > 120ms)
135613	0	
135980	136455	475	Large Width (QS > 120ms)
136438	137005	567	Large Width (QS > 120ms)
136988	137477	489	Large Width (QS > 120ms)
137455	137866	411	Large Width (QS > 120ms)
137850	138272	422	Large Width (QS > 120ms)
138252	138313	61	Small Width (QS < 80ms)
138616	139052	436	Large Width (QS > 120ms)
139033	139447	414	Large Width (QS > 120ms)
139427	139816	389	Large Width (QS > 120ms)
-44	139858	139902	Large Width (QS > 120ms)
140161	140572	411	Large Width (QS > 120ms)
140552	140955	403	Large Width (QS > 120ms)
140936	141336	400	Large Width (QS > 120ms)
141316	141711	395	Large Width (QS > 120ms)
141691	142097	406	Large Width (QS > 120ms)
142077	0	
142427	142519	92	Normal Width
142780	142869	89	Normal Width
143163	143311	148	Large Width (QS > 120ms)
143541	143647	106	Normal Width
143922	144355	433	Large Width (QS > 120ms)
144338	0	
144705	145144	439	Large Width (QS > 120ms)
145125	145544	419	Large Width (QS > 120ms)
145525	145922	397	Large Width (QS > 120ms)
-44	0	
146266	146688	422	Large Width (QS > 120ms)
146672	146761	89	Normal Width
147008	147100	92	Normal Width
147375	147636	261	Large Width (QS > 120ms)
147736	147822	86	Normal Width
148094	148180	86	Normal Width
148455	148833	378	Large Width (QS > 120ms)
148813	149208	395	Large Width (QS > 120ms)
149188	149594	406	Large Width (QS > 120ms)
149572	149980	408	Large Width (QS > 120ms)
149963	150383	420	Large Width (QS > 120ms)
150363	150772	409	Large Width (QS > 120ms)
150752	151155	403	Large Width (QS > 120ms)
151136	151541	405	Large Width (QS > 120ms)
151522	151908	386	Large Width (QS > 120ms)
151888	0	
152230	0	
152600	152686	86	Normal Width
152972	0	
153347	153761	414	Large Width (QS > 120ms)
153741	154122	381	Large Width (QS > 120ms)
154100	154480	380	Large Width (QS > 120ms)
154461	154838	377	Large Width (QS > 120ms)
154819	155208	389	Large Width (QS > 120ms)
155188	155594	406	Large Width (QS > 120ms)
155575	155986	411	Large Width (QS > 120ms)
155966	156369	403	Large Width (QS > 120ms)
156350	156413	63	Small Width (QS < 80ms)
156716	157133	417	Large Width (QS > 120ms)
157111	157172	61	Small Width (QS < 80ms)
157469	0	
157847	158266	419	Large Width (QS > 120ms)
158247	158652	405	Large Width (QS > 120ms)
158633	159025	392	Large Width (QS > 120ms)
159002	159394	392	Large Width (QS > 120ms)
159372	159763	391	Large Width (QS > 120ms)
159744	160136	392	Large Width (QS > 120ms)
160116	160494	378	Large Width (QS > 120ms)
160472	160841	369	Large Width (QS > 120ms)
160825	161219	394	Large Width (QS > 120ms)
161200	161608	408	Large Width (QS > 120ms)
161588	162011	423	Large Width (QS > 120ms)
161991	162394	403	Large Width (QS > 120ms)
162375	162802	427	Large Width (QS > 120ms)
162780	162844	64	Small Width (QS < 80ms)
163283	163936	653	Large Width (QS > 120ms)
163919	164530	611	Large Width (QS > 120ms)
164511	165136	625	Large Width (QS > 120ms)
165116	165719	603	Large Width (QS > 120ms)
165702	166333	631	Large Width (QS > 120ms)
166313	166952	639	Large Width (QS > 120ms)
166933	167613	680	Large Width (QS > 120ms)
167594	168294	700	Large Width (QS > 120ms)
168275	168980	705	Large Width (QS > 120ms)
168961	169669	708	Large Width (QS > 120ms)
169650	170363	713	Large Width (QS > 120ms)
170344	171019	675	Large Width (QS > 120ms)
171002	171680	678	Large Width (QS > 120ms)
171661	172308	647	Large Width (QS > 120ms)
172288	172908	620	Large Width (QS > 120ms)
172891	173388	497	Large Width (QS > 120ms)
173372	174172	800	Large Width (QS > 120ms)
174155	174850	695	Large Width (QS > 120ms)
174833	175513	680	Large Width (QS > 120ms)
175494	176136	642	Large Width (QS > 120ms)
176116	176763	647	Large Width (QS > 120ms)
176744	177369	625	Large Width (QS > 120ms)
177350	177983	633	Large Width (QS > 120ms)
177963	178591	628	Large Width (QS > 120ms)
178572	179022	450	Large Width (QS > 120ms)
179002	179394	392	Large Width (QS > 120ms)
179377	179788	411	Large Width (QS > 120ms)
179769	0	
180127	180372	245	Large Width (QS > 120ms)
180502	180588	86	Normal Width
180894	0	
181280	181369	89	Normal Width
181663	0	
182047	182472	425	Large Width (QS > 120ms)
182452	182863	411	Large Width (QS > 120ms)
182844	183241	397	Large Width (QS > 120ms)
183225	183625	400	Large Width (QS > 120ms)
183605	183669	64	Small Width (QS < 80ms)
183969	184383	414	Large Width (QS > 120ms)
184363	184552	189	Large Width (QS > 120ms)
184702	184947	245	Large Width (QS > 120ms)
185083	185338	255	Large Width (QS > 120ms)
185469	185611	142	Large Width (QS > 120ms)
185861	186125	264	Large Width (QS > 120ms)
186252	186338	86	Normal Width
186630	186769	139	Large Width (QS > 120ms)
187022	187450	428	Large Width (QS > 120ms)
187430	0	
187772	0	
188158	188400	242	Large Width (QS > 120ms)
188533	188952	419	Large Width (QS > 120ms)
188936	189325	389	Large Width (QS > 120ms)
189305	189508	203	Large Width (QS > 120ms)
189638	189855	217	Large Width (QS > 120ms)
190008	190094	86	Normal Width
190366	190452	86	Normal Width
190702	191125	423	Large Width (QS > 120ms)
-44	191502	191546	Large Width (QS > 120ms)
191486	191891	405	Large Width (QS > 120ms)
191872	192291	419	Large Width (QS > 120ms)
192272	0	
192627	0	
193016	193450	434	Large Width (QS > 120ms)
193430	193808	378	Large Width (QS > 120ms)
193788	193850	62	Small Width (QS < 80ms)
194122	194208	86	Normal Width
194486	194900	414	Large Width (QS > 120ms)
194880	0	
195227	195641	414	Large Width (QS > 120ms)
195622	196000	378	Large Width (QS > 120ms)
195980	0	
196313	196700	387	Large Width (QS > 120ms)
196680	0	
197011	0	
197402	197527	125	Large Width (QS > 120ms)
197775	198205	430	Large Width (QS > 120ms)
198186	198602	416	Large Width (QS > 120ms)
198583	198977	394	Large Width (QS > 120ms)
198958	199361	403	Large Width (QS > 120ms)
199344	199747	403	Large Width (QS > 120ms)
199727	199800	73	Small Width (QS < 80ms)
200086	200186	100	Normal Width
200480	201011	531	Large Width (QS > 120ms)
200991	201555	564	Large Width (QS > 120ms)
201538	202100	562	Large Width (QS > 120ms)
202080	202616	536	Large Width (QS > 120ms)
202597	203172	575	Large Width (QS > 120ms)
203155	203780	625	Large Width (QS > 120ms)
203763	204416	653	Large Width (QS > 120ms)
204397	0	
205047	0	
205711	206438	727	Large Width (QS > 120ms)
206422	207144	722	Large Width (QS > 120ms)
207125	207830	705	Large Width (QS > 120ms)
207813	208513	700	Large Width (QS > 120ms)
208491	209197	706	Large Width (QS > 120ms)
209180	209894	714	Large Width (QS > 120ms)
209877	210588	711	Large Width (QS > 120ms)
210572	211275	703	Large Width (QS > 120ms)
211258	211952	694	Large Width (QS > 120ms)
211936	212613	677	Large Width (QS > 120ms)
212597	213244	647	Large Width (QS > 120ms)
213227	213858	631	Large Width (QS > 120ms)
213838	214486	648	Large Width (QS > 120ms)
214463	215091	628	Large Width (QS > 120ms)
215072	215733	661	Large Width (QS > 120ms)
215713	216391	678	Large Width (QS > 120ms)
216375	216875	500	Large Width (QS > 120ms)
216855	217652	797	Large Width (QS > 120ms)
217636	218286	650	Large Width (QS > 120ms)
218266	218902	636	Large Width (QS > 120ms)
218886	219511	625	Large Width (QS > 120ms)
219491	220116	625	Large Width (QS > 120ms)
220100	220716	616	Large Width (QS > 120ms)
220697	221344	647	Large Width (QS > 120ms)
221325	221991	666	Large Width (QS > 120ms)
221975	222619	644	Large Width (QS > 120ms)
222602	223250	648	Large Width (QS > 120ms)
223230	223883	653	Large Width (QS > 120ms)
223863	224491	628	Large Width (QS > 120ms)
224472	225116	644	Large Width (QS > 120ms)
225097	225625	528	Large Width (QS > 120ms)
225605	226319	714	Large Width (QS > 120ms)
226300	226913	613	Large Width (QS > 120ms)
226894	227527	633	Large Width (QS > 120ms)
227508	228175	667	Large Width (QS > 120ms)
228158	228772	614	Large Width (QS > 120ms)
228755	229472	717	Large Width (QS > 120ms)
229452	230083	631	Large Width (QS > 120ms)
230066	230691	625	Large Width (QS > 120ms)
230672	231297	625	Large Width (QS > 120ms)
231277	231766	489	Large Width (QS > 120ms)
231747	232441	694	Large Width (QS > 120ms)
232422	233055	633	Large Width (QS > 120ms)
233036	233716	680	Large Width (QS > 120ms)
233700	234388	688	Large Width (QS > 120ms)
234369	235033	664	Large Width (QS > 120ms)
235016	235666	650	Large Width (QS > 120ms)
235650	236283	633	Large Width (QS > 120ms)
236266	236911	645	Large Width (QS > 120ms)
236894	237536	642	Large Width (QS > 120ms)
237516	238138	622	Large Width (QS > 120ms)
238119	238733	614	Large Width (QS > 120ms)
238713	239350	637	Large Width (QS > 120ms)
239330	240000	670	Large Width (QS > 120ms)
239983	240600	617	Large Width (QS > 120ms)
240580	241294	714	Large Width (QS > 120ms)
241277	241925	648	Large Width (QS > 120ms)
241908	242569	661	Large Width (QS > 120ms)
242552	243177	625	Large Width (QS > 120ms)
243158	243683	525	Large Width (QS > 120ms)
243663	244369	706	Large Width (QS > 120ms)
244350	244975	625	Large Width (QS > 120ms)
244958	245627	669	Large Width (QS > 120ms)
245611	246269	658	Large Width (QS > 120ms)
246252	246808	556	Large Width (QS > 120ms)
246788	247522	734	Large Width (QS > 120ms)
247505	248138	633	Large Width (QS > 120ms)
248119	248775	656	Large Width (QS > 120ms)
248755	249388	633	Large Width (QS > 120ms)
249369	250011	642	Large Width (QS > 120ms)
249991	250605	614	Large Width (QS > 120ms)
250586	251194	608	Large Width (QS > 120ms)
251177	251822	645	Large Width (QS > 120ms)
251805	252438	633	Large Width (QS > 120ms)
252419	253058	639	Large Width (QS > 120ms)
253038	253675	637	Large Width (QS > 120ms)
253658	254291	633	Large Width (QS > 120ms)
254272	254888	616	Large Width (QS > 120ms)
254869	255477	608	Large Width (QS > 120ms)
255458	256069	611	Large Width (QS > 120ms)
256050	256641	591	Large Width (QS > 120ms)
256622	257250	628	Large Width (QS > 120ms)
257230	257877	647	Large Width (QS > 120ms)
257858	258516	658	Large Width (QS > 120ms)
258500	259175	675	Large Width (QS > 120ms)
259155	259794	639	Large Width (QS > 120ms)
259775	260405	630	Large Width (QS > 120ms)
260386	261005	619	Large Width (QS > 120ms)
260986	261625	639	Large Width (QS > 120ms)
261605	262247	642	Large Width (QS > 120ms)
262227	262833	606	Large Width (QS > 120ms)
262816	263466	650	Large Width (QS > 120ms)
263447	264055	608	Large Width (QS > 120ms)
264036	264736	700	Large Width (QS > 120ms)
264719	265377	658	Large Width (QS > 120ms)
265361	265986	625	Large Width (QS > 120ms)
265969	266613	644	Large Width (QS > 120ms)
266594	267236	642	Large Width (QS > 120ms)
267216	267833	617	Large Width (QS > 120ms)
267813	268441	628	Large Width (QS > 120ms)
268422	269022	600	Large Width (QS > 120ms)
269002	269652	650	Large Width (QS > 120ms)
269633	270311	678	Large Width (QS > 120ms)
270291	270969	678	Large Width (QS > 120ms)
270950	271608	658	Large Width (QS > 120ms)
271588	272211	623	Large Width (QS > 120ms)
272191	272822	631	Large Width (QS > 120ms)
272802	273441	639	Large Width (QS > 120ms)
273422	274038	616	Large Width (QS > 120ms)
274019	274627	608	Large Width (QS > 120ms)
274608	275244	636	Large Width (QS > 120ms)
275225	275891	666	Large Width (QS > 120ms)
275872	276533	661	Large Width (QS > 120ms)
276513	277155	642	Large Width (QS > 120ms)
277138	0	
